#openTime	openPrice	closePrice	volume
1282663122000	0.8849	0.884	2000
1282663137000	1.2675	1.2659	2000
1282663154000	129.72	129.21	2000
1282664267000	130.04	129.9	2000
1282680323000	74.34	74.48	2000
1282703768000	130.16	130.6	4000
1282703786000	0.8855	0.8875	4000
1282703816000	1.2654	1.2759	4000
1282710862000	1.542	1.5595	4000
1282744671000	73.88	75.38	4000
1282744692000	0.8777	0.8916	4000
1282756614000	130.72	130.89	2000
1282766360000	130.81	131.89	2000
1282784458000	74.91	75.39	2000
1282784593000	1.547	1.5595	2000
1282794699000	1.555	1.5558	2000
1282798859000	0.8862	0.8917	2000
1282799830000	1.5542	1.5528	2000
1282835673000	0.8878	0.898	4000
1282836266000	1.2708	1.2744	4000
1282836303000	1.5554	1.546	4000
1282837401000	75.01	76.67	4000
1282851202000	131.07	132.43	4000
1282934087000	0.8981	0.8991	4000
1282934242000	76.7	77.1	4000
1282934250000	132.44	132.57	4000
1282934300000	108.79	108.79	4000
1282936200000	1.5966	1.597	4000
1283124034000	1.5547	1.5535	4000
1283177766000	131.04	130.02	2000
1283177766000	131.04	129.65	2000
1283178251000	1.0561	1.0575	4000
1283180830000	1.2683	1.267	4000
1283181769000	0.8943	0.8942	4000
1283182379000	1.5455	1.547	4000
1283182533000	107.47	107.04	2000
1283182533000	107.47	106.44	2000
1283198152000	75.41	75.58	2000
1283218241000	1.4135	1.4158	2000
1283219332000	1.5819	1.5835	2000
1283219661000	106.74	106.83	2000
1283233265000	1.544	1.5428	4000
1283233272000	1.5805	1.5829	4000
1283233902000	1.2735	1.2753	4000
1283234894000	1.5784	1.572	4000
1283262018000	1.564	1.558	2000
1283304616000	75.82	75.69	2000
1283308730000	75.91	75.7	2000
1283308778000	0.8993	0.8974	2000
1283312134000	130.04	129.72	2000
1283312869000	1.5393	1.5375	2000
1283350418000	130.64	130.53	2000
1283352006000	1.5719	1.571	2000
1283355272000	0.9096	0.9092	2000
1283373101000	130.52	129.5	2000
1283373114000	1.5695	1.5649	2000
1283373134000	1.5455	1.539	2000
1283377588000	76.94	76.52	2000
1283476752000	130.1	129.97	2000
1283476791000	1.5414	1.5414	2000
1283485889000	129.83	130.2	2000
1283486741000	0.9076	0.9134	2000
1283517160000	0.9154	0.9254	1000
1283517160000	0.9154	0.9335	1000
1283517190000	131.23	133.86	2000
1283517273000	77.85	77.76	2000
1283517355000	1.5778	1.58	2000
1283517384000	131.41	131.47	2000
1283517445000	1.5442	1.5492	4000
1283517491000	1.2865	1.2873	3000
1283517491000	1.2865	1.2915	1000
1283517953000	77.98	77.77	2000
1283518183000	1.5441	1.5491	2000
1283522449000	130.74	133.95	2000
1283522555000	1.5432	1.5488	2000
1283529574000	130.57	130.57	2000
1284474589000	1.2958	1.297	2000
1284477240000	129	130.61	2000
1284515617000	78.98	80.34	2000
1284516328000	1.5499	1.5527	2000
1284517180000	109.71	110.15	2000
1284519486000	84.53	84.9	2000
1284520104000	1.002	1.0027	2000
1284520430000	1.0317	1.0265	2000
1284560663000	1.5602	1.5609	2000
1284638433000	1.317	1.32	2000
1284648335000	134.06	134.07	2000
1284696989000	1.567	1.564	2000
1284697012000	112.51	111.7	2000
1284697039000	1.3119	1.3124	2000
1284697251000	134.49	134.51	2000
1284752995000	0.9375	0.9475	2000
1284939362000	1.0345	1.029	3000
1285032622000	1.5581	1.5653	2000
1285032622000	1.5581	1.5664	1000
1285043224000	1.3189	1.319	2000
1285116797000	0.9585	0.9566	2000
1285133847000	133.16	132.25	2000
1285203565000	1.3233	1.3219	1000
1285204219000	113.44	113.26	1000
1285204235000	113.43	112.32	1000
1285204250000	1.3238	1.3123	1000
1285252678000	1.573	1.5675	2000
1285257980000	0.9542	0.9501	2000
1285258376000	112.75	112.32	2000
1285273156000	1.5682	1.5695	3000
1285273243000	112.31	112.84	3000
1285273298000	132.23	132.74	2000
1285274569000	0.9493	0.9517	3000
1285297413000	1.3344	1.3455	5000
1285297413000	1.3344	1.3466	5000
1285297528000	132.81	133.27	2000
1285300250000	0.9522	0.9594	2000
1285301800000	80.91	80.87	2000
1285301978000	85.18	84.27	2000
1285335153000	1.5782	1.579	2000
1285335445000	1.3196	1.3244	2000
1285342354000	1.5558	1.5569	2000
1285348233000	1.0272	1.027	2000
1285539865000	0.9624	0.9605	2000
1285572609000	1.5634	1.5198	2000
1285600235000	1.3465	1.3485	5000
1285602085000	1.3487	1.3476	5000
1285605242000	0.964	0.9592	2000
1285615155000	1.5864	1.5805	2000
1285624856000	133.22	133.34	2000
1285625041000	0.9603	0.9596	10000
1285626204000	1.343	1.3437	4000
1285632816000	133.39	130.94	2000
1285632887000	1.3439	1.342	2000
1285633184000	1.5829	1.5835	2000
1285634073000	0.9606	0.9615	2000
1285667112000	1.5647	1.52	2000
1285681270000	1.3461	1.3478	5000
1285684685000	1.3547	1.3628	5000
1285684782000	0.9649	0.9681	5000
1285685034000	1.5411	1.5432	5000
1285702709000	113.97	113.99	2000
1285727249000	1.5821	1.5829	2000
1285742156000	1.546	1.546	2000
1285768813000	132.47	132.57	2000
1285801204000	114.2	114.45	3000
1285801204000	114.2	114.49	2000
1285805932000	1.5819	1.585	5000
1285827357000	113.27	113.55	5000
1285850740000	0.972	0.9688	5000
1285850785000	1.3668	1.37	2000
1285851122000	81.04	80.78	2000
1285851350000	1.368	1.3749	2000
1285851677000	1.3317	1.3431	2000
1285852008000	1.5833	1.5827	5000
1285858410000	1.5768	1.58	2000
1285859692000	0.9664	0.9689	2000
1285864953000	1.5714	1.5739	2000
1285865017000	131.24	131.76	2000
1285892074000	1.3399	1.3421	2000
1286157381000	115.3	114.96	2000
1286165768000	1.0185	1.0242	2000
1286182803000	1.5787	1.5909	1000
1286246207000	1.3644	1.3676	2000
1286249975000	0.9576	0.9597	2000
1286256220000	83.79	83.03	2000
1286256297000	0.9565	0.9605	2000
1286269205000	132.56	130.9	1000
1286269207000	1.5896	1.5909	1000
1286287300000	114.99	115.01	2000
1286289503000	0.9695	0.9744	2000
1286289814000	1.3838	1.3871	2000
1286290336000	1.5925	1.5906	2000
1286322792000	0.9725	0.9746	2000
1286322826000	1.3859	1.3874	2000
1286373709000	0.9763	0.9756	2000
1286373762000	1.3884	1.3915	2000
1286377549000	1.5309	1.52	2000
1286398805000	131.81	130.82	1000
1286399833000	1.3939	1.3917	2000
1286399846000	115.6	114.59	2000
1286411405000	0.9791	0.9836	2000
1286411451000	81.55	81	2000
1286413207000	81.62	81.62	10000
1286433270000	1.3945	1.3928	2000
1286436489000	0.9888	0.9844	2000
1286456402000	1.3474	1.3428	2000
1286460153000	1.5368	1.535	2000
1286460628000	1.5372	1.5351	8000
1286464678000	1.5435	1.5116	10000
1286926963000	0.9878	0.9958	1000
1286926963000	0.9878	0.9938	1000
1286929197000	1.394	1.3931	1000
1286929197000	1.394	1.405	1000
1286932641000	114.35	113.94	1000
1286932641000	114.35	114.46	1000
1286954199000	1.3379	1.3379	2000
1287011702000	130.36	130.26	2000
1287039603000	1.603	1.5982	2000
1287082927000	0.9904	0.993	2000
1287152573000	0.9873	0.991	2000
1287152598000	1.6006	1.5923	1000
1287152598000	1.6006	1.5937	1000
1287152625000	1.3997	1.388	1000
1287152625000	1.3997	1.395	1000
1287172530000	130.11	129.42	1000
1287172530000	130.11	129.66	1000
1287428332000	0.9935	0.989	2000
1287428702000	129.49	129	2000
1287436056000	128.95	129.16	2000
1287440707000	1.393	1.3955	2000
1287446587000	113.45	113.26	2000
1287446600000	80.61	80.27	2000
1287446785000	1.3979	1.3919	2000
1287461711000	1.3923	1.3818	2000
1287461728000	1.5883	1.5722	1000
1287461728000	1.5883	1.572	1000
1287466407000	0.9853	0.9752	1000
1287466407000	0.9853	0.9748	1000
1287528966000	128.07	127.98	1000
1287528982000	79.2	79.4	2000
1287530510000	1.5686	1.5721	1000
1287532012000	1.3712	1.3769	2000
1287575828000	0.9795	0.9828	2000
1287588827000	128.6	128.44	2000
1287599652000	1.3979	1.3878	2000
1287648070000	1.398	1.3995	2000
1287649363000	0.988	0.985	2000
1287671029000	0.9882	0.983	2000
1287671061000	1.4023	1.3973	2000
1287680468000	0.9795	0.983	2000
1287686359000	1.3925	1.3945	2000
1287691036000	1.5699	1.5722	2000
1287705999000	112.89	113.24	2000
1287706865000	127.38	127.66	2000
1287723667000	127.78	127.3	2000
1287724873000	0.9839	0.978	2000
1287728705000	1.5747	1.5675	2000
1287757600000	1.3581	1.3588	2000
1287968833000	80.46	80.3	2000
1287970815000	1.4016	1.4055	2000
1287970832000	0.9909	0.9958	1000
1287970832000	0.9909	0.997	1000
1287980445000	113.81	113.46	2000
1287990506000	1.5773	1.5745	1000
1288019821000	1.3965	1.3946	2000
1288026769000	0.9916	0.9915	2000
1288029862000	127.31	127.12	2000
1288047858000	1.57	1.5732	2000
1288053418000	1.5741	1.5835	2000
1288070801000	0.9926	0.9885	2000
1288100824000	1.5549	1.5614	2000
1288107847000	129.1	128.98	2000
1288116696000	81.65	81.47	2000
1288116742000	0.9819	0.9837	2000
1288118814000	129.2	128.95	2000
1288139406000	0.9835	0.9791	2000
1288141176000	129.21	129.31	2000
1288142508000	81.72	81.61	2000
1288144889000	1.5862	1.5828	2000
1288149860000	81.75	81.62	2000
1288152558000	1.0269	1.0258	2000
1288156306000	1.5843	1.581	2000
1288170004000	1.5668	1.5621	2000
1288192061000	1.3763	1.3795	2000
1288209410000	0.9722	0.975	2000
1288211981000	129.03	128.85	2000
1288223083000	1.3798	1.3815	2000
1288226877000	0.9752	0.975	2000
1288244330000	1.5812	1.5785	2000
1288278709000	1.5965	1.593	2000
1288279006000	1.3921	1.3936	2000
1288291213000	112.95	112.42	2000
1288295320000	1.5946	1.5937	2000
1288310327000	1.3726	1.3707	2000
1288310372000	0.9797	0.9753	2000
1288313080000	1.5746	1.5714	2000
1288314112000	0.9753	0.9767	2000
1288314147000	128.81	128.67	2000
1288314196000	78.83	78.82	2000
1288314247000	112.35	112.08	2000
1288331876000	1.3877	1.3884	2000
1288331965000	111.92	112.03	2000
1288335869000	0.9744	0.9768	2000
1288355410000	1.5797	1.5744	2000
1288355957000	1.5979	1.6019	2000
1288356626000	128.94	129.59	2000
1288356801000	1.391	1.3945	2000
1288363006000	79.05	79.04	2000
1288365779000	0.981	0.9832	2000
1288563661000	1.6057	1.6006	2000
1288564290000	79.24	79.55	2000
1288570050000	1.5826	1.5781	2000
1288573280000	1.6062	1.6029	2000
1288576195000	0.9879	0.987	2000
1288577183000	1.3996	1.3962	2000
1288602554000	112.53	112.1	2000
1288620414000	1.5929	1.5902	2000
1288638403000	111.79	111.94	2000
1288638455000	1.0187	1.0159	2000
1288644176000	111.85	112.11	2000
1288668604000	80.03	80.37	2000
1288668669000	0.9981	0.9985	2000
1288810476000	114.72	114.27	2000
1288814552000	1.0043	1.0035	2000
1288857287000	1.4148	1.4207	2000
1288887085000	1.015	1.0093	2000
1288887106000	1.6272	1.6102	2000
1288898714000	81.84	81.91	2000
1291593616000	1.5769	1.5753	1000
